0.0 0.0 0.0812682501245
0.02 0.0 0.324836865821
0.04 0.0 0.565600481204
0.06 0.0 0.747098533317
0.08 0.0 0.836229499772
0.1 0.0 0.834958589543
0.12 0.0 0.778151401945
0.14 0.0 0.713288864401
0.16 0.0 0.667994664246
0.18 0.0 0.630316804302
0.2 0.0 0.56644184487
0.22 0.0 0.464630609196
0.24 0.0 0.358970293874
0.26 0.0 0.302493846319
0.28 0.0 0.316100486446
0.3 0.0 0.369259597438
0.32 0.0 0.412808701564
0.34 0.0 0.427866804929
0.36 0.0 0.443780039041
0.38 0.0 0.514865362271
0.4 0.0 0.680948220913
0.42 0.0 0.94021309532
0.44 0.0 1.24731420756
0.46 0.0 1.53545963408
0.48 0.0 1.75194329943
0.5 0.0 1.88798890665
0.52 0.0 1.97945068573
0.54 0.0 2.06926441188
0.56 0.0 2.15811957595
0.58 0.0 2.19261194232
0.6 0.0 2.10963878446
0.62 0.0 1.89319420082
0.64 0.0 1.58132107094
0.66 0.0 1.21836255306
0.68 0.0 0.814009972041
0.7 0.0 0.361805722227
0.72 0.0 -0.105601456594
0.74 0.0 -0.49611693641
0.76 0.0 -0.706085092508
0.78 0.0 -0.690120297888
0.8 0.0 -0.481291061612
0.82 0.0 -0.147134137893
0.84 0.0 0.263799421756
0.86 0.0 0.728325330515
0.88 0.0 1.21170810697
0.9 0.0 1.63987437744
0.92 0.0 1.92022959203
0.94 0.0 1.99734048876
0.96 0.0 1.89267986145
0.98 0.0 1.69080408306
1.0 0.0 1.48394961404

0.0 0.02 -0.189640307409
0.02 0.02 0.0623655089071
0.04 0.02 0.322646889867
0.06 0.02 0.545869496182
0.08 0.02 0.692751684624
0.1 0.02 0.744686820807
0.12 0.02 0.716558215291
0.14 0.02 0.652831472462
0.16 0.02 0.600377495604
0.18 0.02 0.578226472268
0.2 0.02 0.57568640168
0.22 0.02 0.581151187866
0.24 0.02 0.60576666687
0.26 0.02 0.67089741503
0.28 0.02 0.774283963565
0.3 0.02 0.878345933043
0.32 0.02 0.938186650322
0.34 0.02 0.941064515117
0.36 0.02 0.919552376923
0.38 0.02 0.93079598524
0.4 0.02 1.0223641411
0.42 0.02 1.20663711103
0.44 0.02 1.45382927333
0.46 0.02 1.706401687
0.48 0.02 1.912089525
0.5 0.02 2.05886353015
0.52 0.02 2.18119651938
0.54 0.02 2.32048773275
0.56 0.02 2.46874711805
0.58 0.02 2.55535661899
0.6 0.02 2.4997599242
0.62 0.02 2.2782194749
0.64 0.02 1.93287036273
0.66 0.02 1.51851120112
0.68 0.02 1.05602570366
0.7 0.02 0.548958560756
0.72 0.02 0.0374602262366
0.74 0.02 -0.385266578997
0.76 0.02 -0.624252767533
0.78 0.02 -0.649230684308
0.8 0.02 -0.503977912039
0.82 0.02 -0.252008285649
0.84 0.02 0.0774768383902
0.86 0.02 0.486024947732
0.88 0.02 0.956021706206
0.9 0.02 1.41432151107
0.92 0.02 1.75182449908
0.94 0.02 1.88634941214
0.96 0.02 1.81763142002
0.98 0.02 1.62914407044
1.0 0.02 1.43370108291

0.0 0.04 -0.544898297227
0.02 0.04 -0.304195506706
0.04 0.04 -0.0433351830251
0.06 0.04 0.205435891461
0.08 0.04 0.399005269274
0.1 0.04 0.498868169486
0.12 0.04 0.498728570275
0.14 0.04 0.438130064967
0.16 0.04 0.381731845477
0.18 0.04 0.378871362931
0.2 0.04 0.441716960589
0.22 0.04 0.558533490846
0.24 0.04 0.717311530355
0.26 0.04 0.907856074479
0.28 0.04 1.10485066243
0.3 0.04 1.26266325619
0.32 0.04 1.33804784533
0.34 0.04 1.32166437049
0.36 0.04 1.24916734786
0.38 0.04 1.18429557556
0.4 0.04 1.18850944833
0.42 0.04 1.29400805704
0.44 0.04 1.48989974987
0.46 0.04 1.72886267096
0.48 0.04 1.95740440562
0.5 0.04 2.15430861961
0.52 0.04 2.34200667246
0.54 0.04 2.54959769132
0.56 0.04 2.75789349471
0.58 0.04 2.88844171389
0.6 0.04 2.85725697822
0.62 0.04 2.63887506732
0.64 0.04 2.27227627993
0.66 0.04 1.81004743119
0.68 0.04 1.27893673258
0.7 0.04 0.699437012086
0.72 0.04 0.131885629229
0.74 0.04 -0.320770196485
0.76 0.04 -0.571347635787
0.78 0.04 -0.60900736598
0.8 0.04 -0.495304643023
0.82 0.04 -0.299428612978
0.84 0.04 -0.0417342480683
0.86 0.04 0.298354526371
0.88 0.04 0.724148253501
0.9 0.04 1.17501603774
0.92 0.04 1.53762354331
0.94 0.04 1.70979096549
0.96 0.04 1.6695778528
0.98 0.04 1.49551692783
1.0 0.04 1.31671664447

0.0 0.06 -0.897622115116
0.02 0.06 -0.675395321789
0.04 0.06 -0.428028984576
0.06 0.06 -0.172589484406
0.08 0.06 0.0527915399906
0.1 0.06 0.197335226383
0.12 0.06 0.233733094786
0.14 0.06 0.189221550256
0.16 0.06 0.136008674166
0.18 0.06 0.145946965389
0.2 0.06 0.251872806496
0.22 0.06 0.445888937704
0.24 0.06 0.701228435008
0.26 0.06 0.985273187008
0.28 0.06 1.25517921608
0.3 0.06 1.45673230157
0.32 0.06 1.54319859793
0.34 0.06 1.50350662793
0.36 0.06 1.3755687874
0.38 0.06 1.2339023414
0.4 0.06 1.15994605505
0.42 0.06 1.20960256947
0.44 0.06 1.3904242966
0.46 0.06 1.66077835728
0.48 0.06 1.95817362595
0.5 0.06 2.24169599347
0.52 0.06 2.51064601688
0.54 0.06 2.77607278346
0.56 0.06 3.01372259787
0.58 0.06 3.15504285376
0.6 0.06 3.13185577407
0.62 0.06 2.92517250858
0.64 0.06 2.56409486734
0.66 0.06 2.08503875957
0.68 0.06 1.51084758934
0.7 0.06 0.878546809512
0.72 0.06 0.273997838174
0.74 0.06 -0.18562201669
0.76 0.06 -0.420451020989
0.78 0.06 -0.441958788079
0.8 0.06 -0.334794073786
0.82 0.06 -0.181397577304
0.84 0.06 -0.00111563561389
0.86 0.06 0.242195943892
0.88 0.06 0.577652126518
0.9 0.06 0.970028505668
0.92 0.06 1.31786823853
0.94 0.06 1.51142976963
0.96 0.06 1.50958569124
0.98 0.06 1.37599594315
1.0 0.06 1.23831560524

0.0 0.08 -1.18537730797
0.02 0.08 -0.979190223613
0.04 0.08 -0.752869508179
0.06 0.08 -0.506594444638
0.08 0.08 -0.262798752949
0.1 0.08 -0.0737618676935
0.12 0.08 0.014098175961
0.14 0.08 0.00666075118775
0.16 0.08 -0.0312412009283
0.18 0.08 -0.0180845992285
0.2 0.08 0.0953155678747
0.22 0.08 0.311431428199
0.24 0.08 0.603251804874
0.26 0.08 0.931265421344
0.28 0.08 1.24434863118
0.3 0.08 1.47951332259
0.32 0.08 1.57955015611
0.34 0.08 1.52388044188
0.36 0.08 1.34909143997
0.38 0.08 1.14199445905
0.4 0.08 1.00759703681
0.42 0.08 1.02708984155
0.44 0.08 1.2240135756
0.46 0.08 1.55663691963
0.48 0.08 1.94605058278
0.5 0.08 2.32409199279
0.52 0.08 2.66172071758
0.54 0.08 2.95319028603
0.56 0.08 3.1795538849
0.58 0.08 3.29848067774
0.6 0.08 3.2716126463
0.62 0.08 3.09129519647
0.64 0.08 2.77226253049
0.66 0.08 2.32595684783
0.68 0.08 1.76312210137
0.7 0.08 1.13138766139
0.72 0.08 0.537717155301
0.74 0.08 0.109789391403
0.76 0.08 -0.0826688983412
0.78 0.08 -0.0747704282695
0.8 0.08 0.0256945575318
0.82 0.08 0.123310402823
0.84 0.08 0.199722040212
0.86 0.08 0.307117543813
0.88 0.08 0.503736569071
0.9 0.08 0.788594653822
0.92 0.08 1.08654064775
0.94 0.08 1.29483862232
0.96 0.08 1.35796941705
0.98 0.08 1.31265389153
1.0 0.08 1.26043273111

0.0 0.1 -1.37641884871
0.02 0.1 -1.18389508474
0.04 0.1 -0.982752191811
0.06 0.1 -0.756031858409
0.08 0.1 -0.503114935322
0.1 0.1 -0.268398801033
0.12 0.1 -0.113963545523
0.14 0.1 -0.062061318943
0.16 0.1 -0.0695558137443
0.18 0.1 -0.0592992621391
0.2 0.1 0.0285997018116
0.22 0.1 0.213379533316
0.24 0.1 0.483187687514
0.26 0.1 0.808287289523
0.28 0.1 1.13967909459
0.3 0.1 1.40656888701
0.32 0.1 1.53462181331
0.34 0.1 1.4841233864
0.36 0.1 1.28244508313
0.38 0.1 1.02502357519
0.4 0.1 0.840060720171
0.42 0.1 0.833931738201
0.44 0.1 1.04448376937
0.46 0.1 1.42757292989
0.48 0.1 1.88692415373
0.5 0.1 2.3285208639
0.52 0.1 2.69898928657
0.54 0.1 2.98257173119
0.56 0.1 3.17379610454
0.58 0.1 3.26243886574
0.6 0.1 3.24074513908
0.62 0.1 3.10963202284
0.64 0.1 2.86744172207
0.66 0.1 2.50083483002
0.68 0.1 2.00740835025
0.7 0.1 1.43895009237
0.72 0.1 0.912068416597
0.74 0.1 0.55346566531
0.76 0.1 0.416545968071
0.78 0.1 0.443852078073
0.8 0.1 0.511952061666
0.82 0.1 0.522339275939
0.84 0.1 0.46491798076
0.86 0.1 0.409208431948
0.88 0.1 0.439487511796
0.9 0.1 0.588064810554
0.92 0.1 0.813103903959
0.94 0.1 1.03188145879
0.96 0.1 1.18309925306
0.98 0.1 1.27059490876
1.0 0.1 1.35027053724

0.0 0.12 -1.45705202393
0.02 0.12 -1.28907161064
0.04 0.12 -1.12227518736
0.06 0.12 -0.924183516925
0.08 0.12 -0.669829251416
0.1 0.12 -0.390497544531
0.12 0.12 -0.159728897864
0.14 0.12 -0.0307362171167
0.16 0.12 0.00736065524733
0.18 0.12 0.0150673597456
0.2 0.12 0.0570701534197
0.22 0.12 0.173672077238
0.24 0.12 0.380080469592
0.26 0.12 0.669682240059
0.28 0.12 1.00510093855
0.3 0.12 1.31076256868
0.32 0.12 1.4911466051
0.34 0.12 1.47743586966
0.36 0.12 1.2755197144
0.38 0.12 0.979654718966
0.4 0.12 0.736458375705
0.42 0.12 0.676901148785
0.44 0.12 0.855199644835
0.46 0.12 1.22971363912
0.48 0.12 1.6952384046
0.5 0.12 2.14280878183
0.52 0.12 2.50555928531
0.54 0.12 2.76548805717
0.56 0.12 2.93185992114
0.58 0.12 3.01907397923
0.6 0.12 3.03654097055
0.62 0.12 2.98279054526
0.64 0.12 2.83891516815
0.66 0.12 2.57505080613
0.68 0.12 2.18350362845
0.7 0.12 1.71854486271
0.72 0.12 1.29495022655
0.74 0.12 1.02520230694
0.76 0.12 0.940146824813
0.78 0.12 0.964213275936
0.8 0.12 0.970560677881
0.82 0.12 0.871578516336
0.84 0.12 0.673794325818
0.86 0.12 0.462022716438
0.88 0.12 0.335797510029
0.9 0.12 0.349402904945
0.92 0.12 0.491553504915
0.94 0.12 0.707709122668
0.96 0.12 0.94297980598
0.98 0.12 1.17419679761
1.0 0.12 1.40698465501

0.0 0.14 -1.42452297796
0.02 0.14 -1.3147474615
0.04 0.14 -1.20631278931
0.06 0.14 -1.05320254728
0.08 0.14 -0.809465833117
0.1 0.14 -0.492115545837
0.12 0.14 -0.182134691887
0.14 0.14 0.0365875751997
0.16 0.14 0.135792799002
0.18 0.14 0.149172652777
0.2 0.14 0.139950576555
0.22 0.14 0.170870586758
0.24 0.14 0.291380197804
0.26 0.14 0.527014145688
0.28 0.14 0.860124775741
0.3 0.14 1.21551660634
0.32 0.14 1.47581508366
0.34 0.14 1.53444559504
0.36 0.14 1.36118321044
0.38 0.14 1.03466451832
0.4 0.14 0.711557534774
0.42 0.14 0.547175039296
0.44 0.14 0.61900644712
0.46 0.14 0.900261415425
0.48 0.14 1.29232646224
0.5 0.14 1.68670917137
0.52 0.14 2.01478213671
0.54 0.14 2.26088557748
0.56 0.14 2.44324347655
0.58 0.14 2.58421620904
0.6 0.14 2.68875613771
0.62 0.14 2.7376047402
0.64 0.14 2.69381917423
0.66 0.14 2.52284964157
0.68 0.14 2.22520935301
0.7 0.14 1.86258260722
0.72 0.14 1.54324571111
0.74 0.14 1.3584983272
0.76 0.14 1.31502427178
0.78 0.14 1.32480626105
0.8 0.14 1.26701227001
0.82 0.14 1.07274705585
0.84 0.14 0.766958591795
0.86 0.14 0.4434144126
0.88 0.14 0.20364027932
0.9 0.14 0.108676533046
0.92 0.14 0.167850366369
0.94 0.14 0.355743398466
0.96 0.14 0.635526998579
0.98 0.14 0.972907151229
1.0 0.14 1.335094015

0.0 0.16 -1.28930262495
0.02 0.16 -1.28950433468
0.04 0.16 -1.27942905718
0.06 0.16 -1.19966854764
0.08 0.16 -0.987672601666
0.1 0.16 -0.647123179682
0.12 0.16 -0.262857853784
0.14 0.16 0.052937319266
0.16 0.16 0.228930219409
0.18 0.16 0.263215205642
0.2 0.16 0.209921418919
0.22 0.16 0.152055268036
0.24 0.16 0.176442876791
0.26 0.16 0.346964063248
0.28 0.16 0.673104011671
0.3 0.16 1.08658196132
0.32 0.16 1.45022783041
0.34 0.16 1.61387216724
0.36 0.16 1.4979590872
0.38 0.16 1.15044774652
0.4 0.16 0.728320584806
0.42 0.16 0.411092952174
0.44 0.16 0.308595078124
0.46 0.16 0.423374769449
0.48 0.16 0.678661660196
0.5 0.16 0.979044166086
0.52 0.16 1.26220647671
0.54 0.16 1.51630551204
0.56 0.16 1.76069004318
0.58 0.16 2.00848936934
0.6 0.16 2.23979581343
0.62 0.16 2.4039193237
0.64 0.16 2.44522792997
0.66 0.16 2.33439815397
0.68 0.16 2.09239450761
0.7 0.16 1.79640898156
0.72 0.16 1.55212608226
0.74 0.16 1.4334465955
0.76 0.16 1.42862444124
0.78 0.16 1.4422318551
0.8 0.16 1.35964998087
0.82 0.16 1.12517648265
0.84 0.16 0.773928039273
0.86 0.16 0.400748514619
0.88 0.16 0.101367001282
0.9 0.16 -0.0664667811515
0.92 0.16 -0.0843982237741
0.94 0.16 0.0444382154401
0.96 0.16 0.306559698508
0.98 0.16 0.674586932681
1.0 0.16 1.09941674916

0.0 0.18 -1.07222936852
0.02 0.18 -1.2295197199
0.04 0.18 -1.35877820342
0.06 0.18 -1.38542026008
0.08 0.18 -1.23364710657
0.1 0.18 -0.895364386924
0.12 0.18 -0.455525906368
0.14 0.18 -0.0491623284222
0.16 0.18 0.210237058749
0.18 0.18 0.279393782754
0.2 0.18 0.194481429516
0.22 0.18 0.0522742538136
0.24 0.18 -0.0241068494358
0.26 0.18 0.0715828239099
0.28 0.18 0.382840132629
0.3 0.18 0.85520183155
0.32 0.18 1.33564267908
0.34 0.18 1.62882022025
0.36 0.18 1.5981861179
0.38 0.18 1.25017275156
0.4 0.18 0.733650022541
0.42 0.18 0.250982452914
0.44 0.18 -0.0500105131093
0.46 0.18 -0.129236231632
0.48 0.18 -0.0350882729611
0.5 0.18 0.154509251121
0.52 0.18 0.387307440321
0.54 0.18 0.657452393681
0.56 0.18 0.982534075076
0.58 0.18 1.35742943531
0.6 0.18 1.7265867208
0.62 0.18 2.0014918719
0.64 0.18 2.1078735014
0.66 0.18 2.02525523627
0.68 0.18 1.79902660168
0.7 0.18 1.5265154783
0.72 0.18 1.31885767899
0.74 0.18 1.24470079066
0.76 0.18 1.28564806041
0.78 0.18 1.3427809087
0.8 0.18 1.29956203669
0.82 0.18 1.09716215569
0.84 0.18 0.76612393816
0.86 0.18 0.396580200083
0.88 0.18 0.0797625984833
0.9 0.18 -0.130523280963
0.92 0.18 -0.215753409505
0.94 0.18 -0.169244343008
0.96 0.18 0.01511130188
0.98 0.18 0.329514931303
1.0 0.18 0.731786491974

0.0 0.2 -0.79261226242
0.02 0.2 -1.12053108262
0.04 0.2 -1.40608350196
0.06 0.2 -1.55870873288
0.08 0.2 -1.4931493876
0.1 0.2 -1.19229112693
0.12 0.2 -0.736978676597
0.14 0.2 -0.274578909768
0.16 0.2 0.048788079162
0.18 0.2 0.149926059449
0.2 0.2 0.0397084071445
0.22 0.2 -0.18175495212
0.24 0.2 -0.361643218019
0.26 0.2 -0.351223113458
0.28 0.2 -0.0680494827486
0.3 0.2 0.453568417215
0.32 0.2 1.05040884732
0.34 0.2 1.48580621097
0.36 0.2 1.56673104987
0.38 0.2 1.25449347464
0.4 0.2 0.684193979135
0.42 0.2 0.076683112172
0.44 0.2 -0.384819935272
0.46 0.2 -0.626273569509
0.48 0.2 -0.673414832562
0.5 0.2 -0.591045069569
0.52 0.2 -0.420355118517
0.54 0.2 -0.155714491878
0.56 0.2 0.224268123914
0.58 0.2 0.699640424598
0.6 0.2 1.18211870653
0.62 0.2 1.54876903813
0.64 0.2 1.70789281176
0.66 0.2 1.64389601142
0.68 0.2 1.41933004822
0.7 0.2 1.14766155135
0.72 0.2 0.950290099296
0.74 0.2 0.903366928036
0.76 0.2 0.995024370353
0.78 0.2 1.12732075442
0.8 0.2 1.17363267028
0.82 0.2 1.05610567491
0.84 0.2 0.787641808145
0.86 0.2 0.451182827085
0.88 0.2 0.139646915159
0.9 0.2 -0.092351797747
0.92 0.2 -0.231422956853
0.94 0.2 -0.274366108408
0.96 0.2 -0.204783468552
0.98 0.2 -0.00574173555981
1.0 0.2 0.304894240423

0.0 0.22 -0.463163235583
0.02 0.22 -0.928045778104
0.04 0.22 -1.34606010469
0.06 0.22 -1.6142489829
0.08 0.22 -1.64493057312
0.1 0.22 -1.41749964818
0.12 0.22 -1.00481185433
0.14 0.22 -0.551373843826
0.16 0.22 -0.21704845203
0.18 0.22 -0.113776269062
0.2 0.22 -0.258338898786
0.22 0.22 -0.559175539019
0.24 0.22 -0.845806640832
0.26 0.22 -0.932598024932
0.28 0.22 -0.697014298544
0.3 0.22 -0.148111333637
0.32 0.22 0.548275313655
0.34 0.22 1.12362695092
0.36 0.22 1.3370508935
0.38 0.22 1.10815737055
0.4 0.22 0.554654220167
0.42 0.22 -0.0929200366509
0.44 0.22 -0.627630916796
0.46 0.22 -0.955129668475
0.48 0.22 -1.09193038726
0.5 0.22 -1.09829103391
0.52 0.22 -1.00472270517
0.54 0.22 -0.787483295708
0.56 0.22 -0.410929488659
0.58 0.22 0.103135513832
0.6 0.22 0.648429638672
0.62 0.22 1.07984912913
0.64 0.22 1.29138914797
0.66 0.22 1.26364706919
0.68 0.22 1.06091289079
0.7 0.22 0.799903749156
0.72 0.22 0.608449744415
0.74 0.22 0.575514742233
0.76 0.22 0.705178579593
0.78 0.22 0.907678446624
0.8 0.22 1.04748962073
0.82 0.22 1.02373918732
0.84 0.22 0.826986597327
0.86 0.22 0.531829479519
0.88 0.22 0.235506961021
0.9 0.22 -0.00430548782534
0.92 0.22 -0.182218391695
0.94 0.22 -0.306611043275
0.96 0.22 -0.358192470767
0.98 0.22 -0.295134041403
1.0 0.22 -0.102961807621

0.0 0.24 -0.10264255359
0.02 0.24 -0.637081301436
0.04 0.24 -1.12868508419
0.06 0.24 -1.47057306851
0.08 0.24 -1.58302492927
0.1 0.24 -1.45000823237
0.12 0.24 -1.13434050067
0.14 0.24 -0.762275321419
0.16 0.24 -0.484972195637
0.18 0.24 -0.425842866954
0.2 0.24 -0.626147623982
0.22 0.24 -1.0128729944
0.24 0.24 -1.412284271
0.26 0.24 -1.61195936454
0.28 0.24 -1.45195757695
0.3 0.24 -0.912250708325
0.32 0.24 -0.151851766277
0.34 0.24 0.54296863441
0.36 0.24 0.897958846992
0.38 0.24 0.798673393513
0.4 0.24 0.341445876555
0.42 0.24 -0.247403947213
0.44 0.24 -0.755146131295
0.46 0.24 -1.08349463664
0.48 0.24 -1.25123048923
0.5 0.24 -1.31958356651
0.52 0.24 -1.30898610692
0.54 0.24 -1.17477720925
0.56 0.24 -0.859953069989
0.58 0.24 -0.374255088905
0.6 0.24 0.177548186356
0.62 0.24 0.645581744775
0.64 0.24 0.915673094004
0.66 0.24 0.956715481178
0.68 0.24 0.818029676646
0.7 0.24 0.602034143604
0.72 0.24 0.430255743056
0.74 0.24 0.399263201269
0.76 0.24 0.532322111225
0.78 0.24 0.75831226128
0.8 0.24 0.94636358697
0.82 0.24 0.983497806195
0.84 0.24 0.841961888221
0.86 0.24 0.584970289262
0.88 0.24 0.307927918598
0.9 0.24 0.067424043196
0.92 0.24 -0.139161042843
0.94 0.24 -0.33000384787
0.96 0.24 -0.483022307825
0.98 0.24 -0.534158807472
1.0 0.24 -0.439462860552

0.0 0.26 0.245956575201
0.02 0.26 -0.288364127376
0.04 0.26 -0.784625037046
0.06 0.26 -1.14224633727
0.08 0.26 -1.29930026524
0.1 0.26 -1.2518203858
0.12 0.26 -1.0533417632
0.14 0.26 -0.802893758908
0.16 0.26 -0.626934230079
0.18 0.26 -0.645513433097
0.2 0.26 -0.918929413875
0.22 0.26 -1.39865701823
0.24 0.26 -1.91976311224
0.26 0.26 -2.25365772419
0.28 0.26 -2.20754166134
0.3 0.26 -1.72942708926
0.32 0.26 -0.960837153552
0.34 0.26 -0.188514822423
0.36 0.26 0.297974627454
0.38 0.26 0.35924090785
0.4 0.26 0.0639587916774
0.42 0.26 -0.384436792649
0.44 0.26 -0.787922069939
0.46 0.26 -1.05677471011
0.48 0.26 -1.21412727276
0.5 0.26 -1.31912340419
0.52 0.26 -1.38123913694
0.54 0.26 -1.33841335751
0.56 0.26 -1.11477349502
0.58 0.26 -0.701877733749
0.6 0.26 -0.187200686889
0.62 0.26 0.292241287861
0.64 0.26 0.62371810447
0.66 0.26 0.761978276292
0.68 0.26 0.729494372067
0.7 0.26 0.597827696881
0.72 0.26 0.465331073585
0.74 0.26 0.424113634446
0.76 0.26 0.515143781889
0.78 0.26 0.697542697485
0.8 0.26 0.865263362954
0.82 0.26 0.911727574526
0.84 0.26 0.798013122668
0.86 0.26 0.56946755518
0.88 0.26 0.307095266949
0.9 0.26 0.0598418503229
0.92 0.26 -0.177152948313
0.94 0.26 -0.419593884163
0.96 0.26 -0.636573934499
0.98 0.26 -0.748754647955
1.0 0.26 -0.696690159209

0.0 0.28 0.513125179452
0.02 0.28 0.0230504237342
0.04 0.28 -0.425338924604
0.06 0.28 -0.745393196152
0.08 0.28 -0.89748944241
0.1 0.28 -0.893116388931
0.12 0.28 -0.780040273482
0.14 0.28 -0.631899363641
0.16 0.28 -0.548121686333
0.18 0.28 -0.639852232452
0.2 0.28 -0.982280410687
0.22 0.28 -1.55263113842
0.24 0.28 -2.20122459115
0.26 0.28 -2.69127951443
0.28 0.28 -2.80242166824
0.3 0.28 -2.44963290651
0.32 0.28 -1.74661912401
0.34 0.28 -0.961479014483
0.36 0.28 -0.378419955456
0.38 0.28 -0.151380673187
0.4 0.28 -0.246774234099
0.42 0.28 -0.504985796276
0.44 0.28 -0.763222229575
0.46 0.28 -0.947849348979
0.48 0.28 -1.07949967125
0.5 0.28 -1.20403079854
0.52 0.28 -1.31649660904
0.54 0.28 -1.34528005984
0.56 0.28 -1.20740736977
0.58 0.28 -0.881039581761
0.6 0.28 -0.429532729134
0.62 0.28 0.036776602107
0.64 0.28 0.418777122647
0.66 0.28 0.661637202412
0.68 0.28 0.756751888198
0.7 0.28 0.733667032936
0.72 0.28 0.653173043889
0.74 0.28 0.591032490888
0.76 0.28 0.602913445797
0.78 0.28 0.686987645893
0.8 0.28 0.778612184285
0.82 0.28 0.792194087553
0.84 0.28 0.681115065871
0.86 0.28 0.464201224739
0.88 0.28 0.196659818714
0.9 0.28 -0.0813086885969
0.92 0.28 -0.36304805901
0.94 0.28 -0.643453538538
0.96 0.28 -0.876963682094
0.98 0.28 -0.982675071747
1.0 0.28 -0.907873517663

0.0 0.3 0.624951948457
0.02 0.3 0.19034227986
0.04 0.3 -0.185403059571
0.06 0.3 -0.432527123291
0.08 0.3 -0.531689984615
0.1 0.3 -0.508289971034
0.12 0.3 -0.409440784135
0.14 0.3 -0.29444578223
0.16 0.3 -0.245649293246
0.18 0.3 -0.368393862301
0.2 0.3 -0.74993040373
0.22 0.3 -1.39001575088
0.24 0.3 -2.15538457928
0.26 0.3 -2.80738808196
0.28 0.3 -3.106168726
0.3 0.3 -2.93719810541
0.32 0.3 -2.37906254324
0.34 0.3 -1.66222361136
0.36 0.3 -1.04276785784
0.38 0.3 -0.675586623497
0.4 0.3 -0.565996074932
0.42 0.3 -0.615714843663
0.44 0.3 -0.714969215616
0.46 0.3 -0.811673779355
0.48 0.3 -0.915400196792
0.5 0.3 -1.04614849392
0.52 0.3 -1.1804796968
0.54 0.3 -1.24609300822
0.56 0.3 -1.16857941389
0.58 0.3 -0.924703546239
0.6 0.3 -0.555273709001
0.62 0.3 -0.135422037034
0.64 0.3 0.262311763115
0.66 0.3 0.584004837269
0.68 0.3 0.793612635762
0.7 0.3 0.875286738575
0.72 0.3 0.845050683501
0.74 0.3 0.755640903026
0.76 0.3 0.674805961682
0.78 0.3 0.642417263947
0.8 0.3 0.640843173731
0.82 0.3 0.608762831935
0.84 0.3 0.488502912726
0.86 0.3 0.264200178819
0.88 0.3 -0.0390322876849
0.9 0.3 -0.381721888865
0.92 0.3 -0.726729657227
0.94 0.3 -1.03129129564
0.96 0.3 -1.23495781864
0.98 0.3 -1.2734677434
1.0 0.3 -1.1233306924

0.0 0.32 0.539850264062
0.02 0.32 0.153486422295
0.04 0.32 -0.145838868656
0.06 0.32 -0.305094585862
0.08 0.32 -0.319758756434
0.1 0.32 -0.224494403612
0.12 0.32 -0.0697621882471
0.14 0.32 0.0867637136783
0.16 0.32 0.166897925347
0.18 0.32 0.0664555512851
0.2 0.32 -0.309497730859
0.22 0.32 -0.976642972369
0.24 0.32 -1.81745444453
0.26 0.32 -2.60008115333
0.28 0.32 -3.07931600461
0.3 0.32 -3.12159608212
0.32 0.32 -2.76871325949
0.34 0.32 -2.19819552933
0.36 0.32 -1.61640096979
0.38 0.32 -1.16244818367
0.4 0.32 -0.876119654903
0.42 0.32 -0.727315202367
0.44 0.32 -0.669293925345
0.46 0.32 -0.675905564808
0.48 0.32 -0.742146936925
0.5 0.32 -0.856633423193
0.52 0.32 -0.977955749829
0.54 0.32 -1.04247781143
0.56 0.32 -0.998479636223
0.58 0.32 -0.833534875692
0.6 0.32 -0.571007778833
0.62 0.32 -0.246793141654
0.64 0.32 0.104530874919
0.66 0.32 0.443481163499
0.68 0.32 0.716782523801
0.7 0.32 0.868133406265
0.72 0.32 0.870053859082
0.74 0.32 0.751646788995
0.76 0.32 0.590532112325
0.78 0.32 0.464290476834
0.8 0.32 0.396651640205
0.82 0.32 0.343173340081
0.84 0.32 0.226621027999
0.86 0.32 -0.00954264792056
0.88 0.32 -0.368162995694
0.9 0.32 -0.798428274643
0.92 0.32 -1.21701983322
0.94 0.32 -1.53497367586
0.96 0.32 -1.6816486937
0.98 0.32 -1.62307546177
1.0 0.32 -1.37653890001

0.0 0.34 0.280602050395
0.02 0.34 -0.0598596136592
0.04 0.34 -0.285718836582
0.06 0.34 -0.360327839416
0.08 0.34 -0.288518294154
0.1 0.34 -0.107745670121
0.12 0.34 0.129163710007
0.14 0.34 0.360438397199
0.16 0.34 0.505686961264
0.18 0.34 0.461975432525
0.2 0.34 0.13398378162
0.22 0.34 -0.502261023236
0.24 0.34 -1.34594995987
0.26 0.34 -2.18499842257
0.28 0.34 -2.78831953601
0.3 0.34 -3.01893468022
0.32 0.34 -2.88618819215
0.34 0.34 -2.50766328306
0.36 0.34 -2.02663346083
0.38 0.34 -1.55202659123
0.4 0.34 -1.14601320855
0.42 0.34 -0.838717963663
0.44 0.34 -0.642707535263
0.46 0.34 -0.556983594936
0.48 0.34 -0.563501966516
0.5 0.34 -0.624591607235
0.52 0.34 -0.690337508832
0.54 0.34 -0.71736987176
0.56 0.34 -0.686714905191
0.58 0.34 -0.603549392199
0.6 0.34 -0.477386806296
0.62 0.34 -0.304325560099
0.64 0.34 -0.0745028151797
0.66 0.34 0.198848936129
0.68 0.34 0.458837385989
0.7 0.34 0.620732829485
0.72 0.34 0.622344822896
0.74 0.34 0.473368029102
0.76 0.34 0.259392224755
0.78 0.34 0.0877537252143
0.8 0.34 0.0120361895259
0.82 0.34 -0.00706796942846
0.84 0.34 -0.0753595581726
0.86 0.34 -0.29370064535
0.88 0.34 -0.690331209007
0.9 0.34 -1.19753863921
0.92 0.34 -1.6830700139
0.94 0.34 -2.01428795899
0.96 0.34 -2.11406163777
0.98 0.34 -1.97746259347
1.0 0.34 -1.65538371472

0.0 0.36 -0.0559667242929
0.02 0.36 -0.334018900719
0.04 0.36 -0.48841621243
0.06 0.36 -0.49903504524
0.08 0.36 -0.374183795988
0.1 0.36 -0.144431778743
0.12 0.36 0.143527171303
0.14 0.36 0.4279581789
0.16 0.36 0.627923464205
0.18 0.36 0.645518197813
0.2 0.36 0.392398983722
0.22 0.36 -0.157591524249
0.24 0.36 -0.922878521194
0.26 0.36 -1.72445147714
0.28 0.36 -2.3633674035
0.3 0.36 -2.71359944723
0.32 0.36 -2.7600094945
0.34 0.36 -2.56460460656
0.36 0.36 -2.20964200616
0.38 0.36 -1.77003146391
0.4 0.36 -1.31713167898
0.42 0.36 -0.92127001758
0.44 0.36 -0.635120484068
0.46 0.36 -0.47185929253
0.48 0.36 -0.401290860661
0.5 0.36 -0.371182093455
0.52 0.36 -0.339888248727
0.54 0.36 -0.297934122269
0.56 0.36 -0.264690613981
0.58 0.36 -0.262894091405
0.6 0.36 -0.288684290669
0.62 0.36 -0.301641097127
0.64 0.36 -0.24948352548
0.66 0.36 -0.114661607977
0.68 0.36 0.0544039303583
0.7 0.36 0.160548120761
0.72 0.36 0.121266650134
0.74 0.36 -0.0652429320833
0.76 0.36 -0.30633633771
0.78 0.36 -0.473138686508
0.8 0.36 -0.493169286345
0.82 0.36 -0.409506761211
0.84 0.36 -0.360950766993
0.86 0.36 -0.493828152541
0.88 0.36 -0.864203899912
0.9 0.36 -1.39616784451
0.92 0.36 -1.92313382263
0.94 0.36 -2.28047767731
0.96 0.36 -2.38204402722
0.98 0.36 -2.23308349914
1.0 0.36 -1.89436416938

0.0 0.38 -0.321399416744
0.02 0.38 -0.507832022653
0.04 0.38 -0.596276381278
0.06 0.38 -0.581110893305
0.08 0.38 -0.464364321358
0.1 0.38 -0.25500504113
0.12 0.38 0.0207453736241
0.14 0.38 0.309935019417
0.16 0.38 0.53340439708
0.18 0.38 0.598477261609
0.2 0.38 0.426261831716
0.22 0.38 -0.00779066577991
0.24 0.38 -0.641260876447
0.26 0.38 -1.33396983215
0.28 0.38 -1.92702486869
0.3 0.38 -2.31195527071
0.32 0.38 -2.45734005387
0.34 0.38 -2.38438636756
0.36 0.38 -2.13290117238
0.38 0.38 -1.75447739423
0.4 0.38 -1.32253919806
0.42 0.38 -0.924092335773
0.44 0.38 -0.623594287769
0.46 0.38 -0.428473154825
0.48 0.38 -0.292224272954
0.5 0.38 -0.158242129476
0.52 0.38 -0.00886313311852
0.54 0.38 0.120863268113
0.56 0.38 0.172393727842
0.58 0.38 0.109717556547
0.6 0.38 -0.0496956679311
0.62 0.38 -0.23706982115
0.64 0.38 -0.369355091772
0.66 0.38 -0.403854669522
0.68 0.38 -0.374428217503
0.7 0.38 -0.375234623547
0.72 0.38 -0.492409857206
0.74 0.38 -0.729261441503
0.76 0.38 -0.985710092097
0.78 0.38 -1.11754520446
0.8 0.38 -1.03991701315
0.82 0.38 -0.801277151347
0.84 0.38 -0.569699807048
0.86 0.38 -0.534033352606
0.88 0.38 -0.785366152364
0.9 0.38 -1.26117148568
0.92 0.38 -1.78834287172
0.94 0.38 -2.18675221991
0.96 0.38 -2.35346248902
0.98 0.38 -2.27634009818
1.0 0.38 -1.9976829124

0.0 0.4 -0.369246105849
0.02 0.4 -0.443657305496
0.04 0.4 -0.484786391643
0.06 0.4 -0.49440788975
0.08 0.4 -0.453526746978
0.1 0.4 -0.331958407374
0.12 0.4 -0.121350172322
0.14 0.4 0.139055646812
0.16 0.4 0.366816667641
0.18 0.4 0.465493534259
0.2 0.4 0.360894818479
0.22 0.4 0.0326420258883
0.24 0.4 -0.469293097976
0.26 0.4 -1.03661976448
0.28 0.4 -1.54456878855
0.3 0.4 -1.89939913963
0.32 0.4 -2.05968308623
0.34 0.4 -2.02560606346
0.36 0.4 -1.82204587456
0.38 0.4 -1.49771640931
0.4 0.4 -1.1292554988
0.42 0.4 -0.802459047171
0.44 0.4 -0.568059148188
0.46 0.4 -0.407990937854
0.48 0.4 -0.25224634694
0.5 0.4 -0.0427367713793
0.52 0.4 0.209256871619
0.54 0.4 0.423865900953
0.56 0.4 0.508279315853
0.58 0.4 0.417733853574
0.6 0.4 0.180373274162
0.62 0.4 -0.119674767206
0.64 0.4 -0.386732039841
0.66 0.4 -0.566351523887
0.68 0.4 -0.678857886924
0.7 0.4 -0.804693719674
0.72 0.4 -1.01935932206
0.74 0.4 -1.31876879687
0.76 0.4 -1.59501603762
0.78 0.4 -1.69283646701
0.8 0.4 -1.51674539031
0.82 0.4 -1.1144168416
0.84 0.4 -0.670615656028
0.86 0.4 -0.407406174273
0.88 0.4 -0.456938220178
0.9 0.4 -0.794464851607
0.92 0.4 -1.2709354594
0.94 0.4 -1.7081327765
0.96 0.4 -1.98065187282
0.98 0.4 -2.03813620282
1.0 0.4 -1.88548829464

0.0 0.42 -0.12300876914
0.02 0.42 -0.0948083293142
0.04 0.42 -0.123949820728
0.06 0.42 -0.207869044947
0.08 0.42 -0.291750731518
0.1 0.42 -0.293335806267
0.12 0.42 -0.163070405499
0.14 0.42 0.0704179799107
0.16 0.42 0.308898373564
0.18 0.42 0.436548865299
0.2 0.42 0.37438101989
0.22 0.42 0.108336803242
0.24 0.42 -0.311625758829
0.26 0.42 -0.791976345528
0.28 0.42 -1.22633134565
0.3 0.42 -1.52715041397
0.32 0.42 -1.64690443949
0.34 0.42 -1.58226149734
0.36 0.42 -1.36774743495
0.38 0.42 -1.06897255441
0.4 0.42 -0.771679810925
0.42 0.42 -0.552718354924
0.44 0.42 -0.436194264694
0.46 0.42 -0.369394596888
0.48 0.42 -0.255201940021
0.5 0.42 -0.0304380968742
0.52 0.42 0.273917337962
0.54 0.42 0.546964307859
0.56 0.42 0.673036780514
0.58 0.42 0.601248855308
0.6 0.42 0.362451050251
0.62 0.42 0.0399605359953
0.64 0.42 -0.276988964196
0.66 0.42 -0.537121304594
0.68 0.42 -0.752284720476
0.7 0.42 -0.984424106488
0.72 0.42 -1.29009622785
0.74 0.42 -1.65346921001
0.76 0.42 -1.96101511605
0.78 0.42 -2.0511871681
0.8 0.42 -1.8176784361
0.82 0.42 -1.29677079035
0.84 0.42 -0.670936057878
0.86 0.42 -0.178705991261
0.88 0.42 0.00907034258879
0.9 0.42 -0.135588648265
0.92 0.42 -0.510126135381
0.94 0.42 -0.954399701257
0.96 0.42 -1.32489666383
0.98 0.42 -1.53067332976
1.0 0.42 -1.53689685576

0.0 0.44 0.375846357852
0.02 0.44 0.460348734697
0.04 0.44 0.397274607929
0.06 0.44 0.205951404252
0.08 0.44 -0.0160535198495
0.1 0.44 -0.134293502709
0.12 0.44 -0.0629654732851
0.14 0.44 0.171326704616
0.16 0.44 0.442619185544
0.18 0.44 0.602485200768
0.2 0.44 0.55800002447
0.22 0.44 0.302097409954
0.24 0.44 -0.103319270693
0.26 0.44 -0.56080772596
0.28 0.44 -0.965125913471
0.3 0.44 -1.22608614124
0.32 0.44 -1.29189384259
0.34 0.44 -1.16563052388
0.36 0.44 -0.90424603637
0.38 0.44 -0.600593293272
0.4 0.44 -0.354424438499
0.42 0.44 -0.234273874162
0.44 0.44 -0.238834659348
0.46 0.44 -0.285970581522
0.48 0.44 -0.25685627991
0.5 0.44 -0.0794763222221
0.52 0.44 0.213029877662
0.54 0.44 0.502911462128
0.56 0.44 0.668931767421
0.58 0.44 0.656277489621
0.6 0.44 0.487631610763
0.62 0.44 0.228926185132
0.64 0.44 -0.0527735355098
0.66 0.44 -0.320137423403
0.68 0.44 -0.580442186428
0.7 0.44 -0.875352508851
0.72 0.44 -1.23963630902
0.74 0.44 -1.64715432155
0.76 0.44 -1.98622169145
0.78 0.44 -2.09829048816
0.8 0.44 -1.86911821415
0.82 0.44 -1.31376148997
0.84 0.44 -0.591306154294
0.86 0.44 0.0661505211259
0.88 0.44 0.463255029017
0.9 0.44 0.520784143685
0.92 0.44 0.286605378702
0.94 0.44 -0.110668596996
0.96 0.44 -0.525912506492
0.98 0.44 -0.844630552817
1.0 0.44 -1.00380005212

0.0 0.46 0.971853515884
0.02 0.46 1.03864313698
0.04 0.46 0.895247350163
0.06 0.46 0.586764616404
0.08 0.46 0.248556538756
0.1 0.46 0.0522886508079
0.12 0.46 0.104675786059
0.14 0.46 0.372326670875
0.16 0.46 0.698223688029
0.18 0.46 0.898218992873
0.2 0.46 0.860596366982
0.22 0.46 0.582692739687
0.24 0.46 0.143071311525
0.26 0.46 -0.345406892814
0.28 0.46 -0.766879385782
0.3 0.46 -1.0226303492
0.32 0.46 -1.05658081212
0.34 0.46 -0.879474685536
0.36 0.46 -0.570030086958
0.38 0.46 -0.246551329074
0.4 0.46 -0.0223406473529
0.42 0.46 0.0391207901867
0.44 0.46 -0.044852472867
0.46 0.46 -0.178305598956
0.48 0.46 -0.235870670462
0.5 0.46 -0.139946333249
0.52 0.46 0.08884372456
0.54 0.46 0.351284817671
0.56 0.46 0.541334488052
0.58 0.46 0.605891481368
0.6 0.46 0.551173318793
0.62 0.46 0.412103555584
0.64 0.46 0.222624559051
0.66 0.46 0.00127811020853
0.68 0.46 -0.253920932542
0.7 0.46 -0.561121031519
0.72 0.46 -0.932167659095
0.74 0.46 -1.33621917087
0.76 0.46 -1.67714501899
0.78 0.46 -1.8162268501
0.8 0.46 -1.64130435192
0.82 0.46 -1.14150434884
0.84 0.46 -0.433650109323
0.86 0.46 0.281744329744
0.88 0.46 0.807884591266
0.9 0.46 1.03044345626
0.92 0.46 0.948291088387
0.94 0.46 0.649914774316
0.96 0.46 0.259499932432
0.98 0.46 -0.111981006983
1.0 0.46 -0.390210511342

0.0 0.48 1.45300025007
0.02 0.48 1.42016730035
0.04 0.48 1.15827662356
0.06 0.48 0.742061661597
0.08 0.48 0.330982402281
0.1 0.48 0.109695539991
0.12 0.48 0.185430425891
0.14 0.48 0.511918474126
0.16 0.48 0.907419233105
0.18 0.48 1.15986990911
0.2 0.48 1.13939802196
0.22 0.48 0.842164574858
0.24 0.48 0.35869594885
0.26 0.48 -0.182238419343
0.28 0.48 -0.65076811866
0.3 0.48 -0.937361144157
0.32 0.48 -0.979987121554
0.34 0.48 -0.791972505528
0.36 0.48 -0.463776137146
0.38 0.48 -0.127751327046
0.4 0.48 0.0965962796117
0.42 0.48 0.150199575854
0.44 0.48 0.0557970125874
0.46 0.48 -0.0963925570835
0.48 0.48 -0.196404621237
0.5 0.48 -0.174229131669
0.52 0.48 -0.0342630715298
0.54 0.48 0.16096420633
0.56 0.48 0.341464754872
0.58 0.48 0.467830524235
0.6 0.48 0.529681684351
0.62 0.48 0.523928583449
0.64 0.48 0.445213316357
0.66 0.48 0.292451675134
0.68 0.48 0.073246941333
0.7 0.48 -0.201162560594
0.72 0.48 -0.517530012359
0.74 0.48 -0.847065256721
0.76 0.48 -1.12651252319
0.78 0.48 -1.25931077832
0.8 0.48 -1.15168791274
0.82 0.48 -0.768570938818
0.84 0.48 -0.171799925267
0.86 0.48 0.490643107465
0.88 0.48 1.04410858771
0.9 0.48 1.36152752315
0.92 0.48 1.40761214321
0.94 0.48 1.22992367418
0.96 0.48 0.913884619176
0.98 0.48 0.543038307101
1.0 0.48 0.188795453301

0.0 0.5 1.62991082944
0.02 0.5 1.43091198948
0.04 0.5 1.02832004148
0.06 0.5 0.525397648452
0.08 0.5 0.0902023340931
0.1 0.5 -0.10339685366
0.12 0.5 0.0332352030783
0.14 0.5 0.437065565303
0.16 0.5 0.912214722035
0.18 0.5 1.23262112144
0.2 0.5 1.25598092494
0.22 0.5 0.971932937492
0.24 0.5 0.472270069255
0.26 0.5 -0.107230921821
0.28 0.5 -0.627103638337
0.3 0.5 -0.967814571342
0.32 0.5 -1.05873502975
0.34 0.5 -0.907875846179
0.36 0.5 -0.60374024824
0.38 0.5 -0.276574038977
0.4 0.5 -0.0395419095364
0.42 0.5 0.0559958261173
0.44 0.5 0.0294524942625
0.46 0.5 -0.0540878228745
0.48 0.5 -0.124086663099
0.5 0.5 -0.137556456094
0.52 0.5 -0.0892835004521
0.54 0.5 0.00317836278192
0.56 0.5 0.123235552097
0.58 0.5 0.261843832853
0.6 0.5 0.401408358955
0.62 0.5 0.502959444735
0.64 0.5 0.521097216402
0.66 0.5 0.435650571475
0.68 0.5 0.26703132537
0.7 0.5 0.0603090792827
0.72 0.5 -0.144275650792
0.74 0.5 -0.325213317937
0.76 0.5 -0.466360034313
0.78 0.5 -0.532487232831
0.8 0.5 -0.464115888394
0.82 0.5 -0.20864786373
0.84 0.5 0.229611940022
0.86 0.5 0.764239735386
0.88 0.5 1.25721069392
0.9 0.5 1.58784971968
0.92 0.5 1.7051695159
0.94 0.5 1.62491483796
0.96 0.5 1.38973530336
0.98 0.5 1.04479343762
1.0 0.5 0.650786219641

0.0 0.52 1.39931549334
0.02 0.52 1.00239929878
0.04 0.52 0.460869386934
0.06 0.52 -0.0991322885837
0.08 0.52 -0.513191438602
0.1 0.52 -0.634298519981
0.12 0.52 -0.405704312985
0.14 0.52 0.089664063053
0.16 0.52 0.650745459626
0.18 0.52 1.05212296064
0.2 0.52 1.14896197146
0.22 0.52 0.922932759982
0.24 0.52 0.455906518373
0.26 0.52 -0.123026276132
0.28 0.52 -0.674339697497
0.3 0.52 -1.07152676909
0.32 0.52 -1.23260530721
0.34 0.52 -1.15254669363
0.36 0.52 -0.905484839878
0.38 0.52 -0.604309790345
0.4 0.52 -0.342813573211
0.42 0.52 -0.160190660457
0.44 0.52 -0.0476880279102
0.46 0.52 0.0178794701499
0.48 0.52 0.0475171510174
0.5 0.52 0.0401427911358
0.52 0.52 0.00146237712301
0.54 0.52 -0.0399669474913
0.56 0.52 -0.0373625062912
0.58 0.52 0.0448627939573
0.6 0.52 0.195692532011
0.62 0.52 0.350832198854
0.64 0.52 0.431049090587
0.66 0.52 0.398775258163
0.68 0.52 0.285583987235
0.7 0.52 0.167666180877
0.72 0.52 0.110005320701
0.74 0.52 0.124601994737
0.76 0.52 0.177008236913
0.78 0.52 0.235800995339
0.8 0.52 0.318910198078
0.82 0.52 0.487027860436
0.84 0.52 0.782662901507
0.86 0.52 1.17279583675
0.88 0.52 1.55599484162
0.9 0.52 1.82872631674
0.92 0.52 1.9423987307
0.94 0.52 1.89889907486
0.96 0.52 1.70983849621
0.98 0.52 1.38606091776
1.0 0.52 0.975324472784

0.0 0.54 0.773442043628
0.02 0.54 0.189647206653
0.04 0.54 -0.461162933886
0.06 0.54 -1.03945725089
0.08 0.54 -1.39245760188
0.1 0.54 -1.4067753692
0.12 0.54 -1.06358873787
0.14 0.54 -0.468119889273
0.16 0.54 0.178826095131
0.18 0.54 0.665109079414
0.2 0.54 0.855665354277
0.22 0.54 0.727390880414
0.24 0.54 0.344022577558
0.26 0.54 -0.185740129459
0.28 0.54 -0.733056021172
0.3 0.54 -1.16791440328
0.32 0.54 -1.39439947107
0.34 0.54 -1.38883987329
0.36 0.54 -1.20369108333
0.38 0.54 -0.92586615463
0.4 0.54 -0.622386661791
0.42 0.54 -0.318536519795
0.44 0.54 -0.0220419391912
0.46 0.54 0.238255987326
0.48 0.54 0.404580531809
0.5 0.54 0.42572837105
0.52 0.54 0.304060334293
0.54 0.54 0.111389623011
0.56 0.54 -0.0432956882101
0.58 0.54 -0.0767637321264
0.6 0.54 0.0159943490347
0.62 0.54 0.159983374841
0.64 0.54 0.255728298737
0.66 0.54 0.253375561095
0.68 0.54 0.18993318077
0.7 0.54 0.161219246869
0.72 0.54 0.248457970616
0.74 0.54 0.455218737278
0.76 0.54 0.707344702169
0.78 0.54 0.920207412562
0.8 0.54 1.07496184901
0.82 0.54 1.2292872772
0.84 0.54 1.44904548528
0.86 0.54 1.73111287381
0.88 0.54 1.99876395422
0.9 0.54 2.16905039238
0.92 0.54 2.21104631014
0.94 0.54 2.13388383774
0.96 0.54 1.93880517777
0.98 0.54 1.61579171066
1.0 0.54 1.19998126022

0.0 0.56 -0.124679959825
0.02 0.56 -0.848671679186
0.04 0.56 -1.55734758149
0.06 0.56 -2.10894085091
0.08 0.56 -2.36729175752
0.1 0.56 -2.25279292351
0.12 0.56 -1.7845360245
0.14 0.56 -1.09045185682
0.16 0.56 -0.367548112799
0.18 0.56 0.195299207701
0.2 0.56 0.484570917412
0.22 0.56 0.477763143526
0.24 0.56 0.2159095818
0.26 0.56 -0.222879028005
0.28 0.56 -0.728655162152
0.3 0.56 -1.16996159511
0.32 0.56 -1.4345170924
0.34 0.56 -1.47739360604
0.36 0.56 -1.32903761882
0.38 0.56 -1.05188680961
0.4 0.56 -0.688486142366
0.42 0.56 -0.252965041754
0.44 0.56 0.228523983023
0.46 0.56 0.67685998527
0.48 0.56 0.972227662568
0.5 0.56 1.02148511401
0.52 0.56 0.826500329743
0.54 0.56 0.49544795959
0.56 0.56 0.185343303787
0.58 0.56 0.0146559203226
0.6 0.56 0.00358600501489
0.62 0.56 0.0794293219171
0.64 0.56 0.140603002419
0.66 0.56 0.134830157806
0.68 0.56 0.0990058537636
0.7 0.56 0.132768265915
0.72 0.56 0.321409806965
0.74 0.56 0.664274175613
0.76 0.56 1.06969694887
0.78 0.56 1.42705689301
0.8 0.56 1.69331005251
0.82 0.56 1.91039186437
0.84 0.56 2.13720288986
0.86 0.56 2.37147008413
0.88 0.56 2.54696937593
0.9 0.56 2.60248076166
0.92 0.56 2.53509392215
0.94 0.56 2.37654897795
0.96 0.56 2.13540782866
0.98 0.56 1.79446327329
1.0 0.56 1.37695297377

0.0 0.58 -1.09521402232
0.02 0.58 -1.89466804639
0.04 0.58 -2.60359825982
0.06 0.58 -3.08742823091
0.08 0.58 -3.22932930133
0.1 0.58 -2.98034907454
0.12 0.58 -2.39341032763
0.14 0.58 -1.61661775911
0.16 0.58 -0.839895039254
0.18 0.58 -0.222219465605
0.2 0.58 0.152675088198
0.22 0.58 0.268063079128
0.24 0.58 0.141768288711
0.26 0.58 -0.183110071116
0.28 0.58 -0.619746635688
0.3 0.58 -1.03649393773
0.32 0.58 -1.30374892951
0.34 0.58 -1.3557190421
0.36 0.58 -1.20586011848
0.38 0.58 -0.901877375263
0.4 0.58 -0.472650057474
0.42 0.58 0.0727928999166
0.44 0.58 0.693883356731
0.46 0.58 1.27674324523
0.48 0.58 1.6615944952
0.5 0.58 1.73173905409
0.52 0.58 1.49311796988
0.54 0.58 1.07735639808
0.56 0.58 0.664920418617
0.58 0.58 0.386129816004
0.6 0.58 0.266631893198
0.62 0.58 0.243537353523
0.64 0.58 0.229806905005
0.66 0.58 0.18249982047
0.68 0.58 0.136119359087
0.7 0.58 0.181008290553
0.72 0.58 0.39650981562
0.74 0.58 0.784934544481
0.76 0.58 1.26303661956
0.78 0.58 1.7237130195
0.8 0.58 2.11191567227
0.82 0.58 2.4402944776
0.84 0.58 2.73313138707
0.86 0.58 2.96702911047
0.88 0.58 3.07951215022
0.9 0.58 3.03397115885
0.92 0.58 2.85887541448
0.94 0.58 2.61095007351
0.96 0.58 2.3112836631
0.98 0.58 1.94273566321
1.0 0.58 1.51840076854

0.0 0.6 -1.91900965715
0.02 0.6 -2.72929482894
0.04 0.6 -3.3922282266
0.06 0.6 -3.78542202467
0.08 0.6 -3.81086269691
0.1 0.6 -3.44455825109
0.12 0.6 -2.76599420135
0.14 0.6 -1.93841596359
0.16 0.6 -1.14260552788
0.18 0.6 -0.506334924339
0.2 0.6 -0.0804717672178
0.22 0.6 0.129415185293
0.24 0.6 0.123565078745
0.26 0.6 -0.0872236434775
0.28 0.6 -0.440901127343
0.3 0.6 -0.809857319302
0.32 0.6 -1.05100401274
0.34 0.6 -1.08082434576
0.36 0.6 -0.901416117401
0.38 0.6 -0.556568038179
0.4 0.6 -0.0746191312725
0.42 0.6 0.533908529
0.44 0.6 1.22268035989
0.46 0.6 1.86748770628
0.48 0.6 2.2984987415
0.5 0.6 2.39568108931
0.52 0.6 2.16940641767
0.54 0.6 1.75602625848
0.56 0.6 1.33177393898
0.58 0.6 1.01491709956
0.6 0.6 0.82495164791
0.62 0.6 0.710471116289
0.64 0.6 0.608104733335
0.66 0.6 0.49200882437
0.68 0.6 0.394349760472
0.7 0.6 0.389813572469
0.72 0.6 0.548359710349
0.74 0.6 0.884640479274
0.76 0.6 1.34577054483
0.78 0.6 1.84976436169
0.8 0.6 2.33604319982
0.82 0.6 2.77698321297
0.84 0.6 3.14613037148
0.86 0.6 3.3917576398
0.88 0.6 3.4586130241
0.9 0.6 3.33862608207
0.92 0.6 3.08688302208
0.94 0.6 2.77380644133
0.96 0.6 2.42494572821
0.98 0.6 2.02386675705
1.0 0.6 1.57871295723

0.0 0.62 -2.42550227939
0.02 0.62 -3.19435579933
0.04 0.62 -3.78905861821
0.06 0.62 -4.09900055702
0.08 0.62 -4.03895116598
0.1 0.62 -3.59952344759
0.12 0.62 -2.87595135588
0.14 0.62 -2.04094952528
0.16 0.62 -1.26838884881
0.18 0.62 -0.661113374075
0.2 0.62 -0.239194945811
0.22 0.62 0.0103789930068
0.24 0.62 0.083826109691
0.26 0.62 -0.0304309942017
0.28 0.62 -0.296254746114
0.3 0.62 -0.600589821339
0.32 0.62 -0.798275141755
0.34 0.62 -0.793981954433
0.36 0.62 -0.580531786323
0.38 0.62 -0.202257415752
0.4 0.62 0.304734208434
0.42 0.62 0.923849066708
0.44 0.62 1.61214213969
0.46 0.62 2.25905578302
0.48 0.62 2.71195808009
0.5 0.62 2.86213717862
0.52 0.62 2.7187925799
0.54 0.62 2.40271601044
0.56 0.62 2.06359674055
0.58 0.62 1.79265471982
0.6 0.62 1.5967090556
0.62 0.62 1.43404780908
0.64 0.62 1.26466047061
0.66 0.62 1.07956249976
0.68 0.62 0.907676263657
0.7 0.62 0.807090200725
0.72 0.62 0.84071819818
0.74 0.62 1.04438456945
0.76 0.62 1.40876496371
0.78 0.62 1.88719070418
0.8 0.62 2.41555218192
0.82 0.62 2.9228548985
0.84 0.62 3.33180749817
0.86 0.62 3.56902492414
0.88 0.62 3.59462666697
0.9 0.62 3.42918464046
0.92 0.62 3.14217631161
0.94 0.62 2.79900312031
0.96 0.62 2.41600099345
0.98 0.62 1.97644457349
1.0 0.62 1.49329733427

0.0 0.64 -2.54934833336
0.02 0.64 -3.24304047125
0.04 0.64 -3.77571535273
0.06 0.64 -4.04278711712
0.08 0.64 -3.95860140692
0.1 0.64 -3.51178049689
0.12 0.64 -2.79941082689
0.14 0.64 -1.99965339959
0.16 0.64 -1.28787352455
0.18 0.64 -0.755813001308
0.2 0.64 -0.399021213404
0.22 0.64 -0.176771152847
0.24 0.64 -0.0775311770931
0.26 0.64 -0.120222126206
0.28 0.64 -0.295270305863
0.3 0.64 -0.519275459602
0.32 0.64 -0.662651219127
0.34 0.64 -0.627037776526
0.36 0.64 -0.394629126287
0.38 0.64 -0.00652265846752
0.4 0.64 0.493367291773
0.42 0.64 1.08147830574
0.44 0.64 1.72456423001
0.46 0.64 2.34145773137
0.48 0.64 2.81355944212
0.5 0.64 3.04964285621
0.52 0.64 3.04922583657
0.54 0.64 2.90168076555
0.56 0.64 2.71817663863
0.58 0.64 2.55948927488
0.6 0.64 2.4204944716
0.62 0.64 2.26737473324
0.64 0.64 2.07763872916
0.66 0.64 1.8527328307
0.68 0.64 1.61468677026
0.7 0.64 1.40481048929
0.72 0.64 1.28145820471
0.74 0.64 1.30542530941
0.76 0.64 1.51407906531
0.78 0.64 1.89770378387
0.8 0.64 2.39158188557
0.82 0.64 2.88999974343
0.84 0.64 3.27935373514
0.86 0.64 3.47837747422
0.88 0.64 3.46707137892
0.9 0.64 3.28633905399
0.92 0.64 3.00272142016
0.94 0.64 2.65883827737
0.96 0.64 2.25227471879
0.98 0.64 1.76883949196
1.0 0.64 1.23896835305

0.0 0.66 -2.35199489768
0.02 0.66 -2.95625494275
0.04 0.66 -3.45488538682
0.06 0.66 -3.7392825415
0.08 0.66 -3.70511664912
0.1 0.66 -3.31924801229
0.12 0.66 -2.66677188177
0.14 0.66 -1.92992119241
0.16 0.66 -1.29758211731
0.18 0.66 -0.867558688423
0.2 0.66 -0.619923739741
0.22 0.66 -0.479376406704
0.24 0.66 -0.400957576498
0.26 0.66 -0.395088759405
0.28 0.66 -0.47678330846
0.3 0.66 -0.605105133142
0.32 0.66 -0.683906405374
0.34 0.66 -0.622667079173
0.36 0.66 -0.392124273179
0.38 0.66 -0.0225566865828
0.4 0.66 0.440956698096
0.42 0.66 0.971171130238
0.44 0.66 1.54753340095
0.46 0.66 2.12320875266
0.48 0.66 2.61798693952
0.5 0.66 2.95745848325
0.52 0.66 3.12508510269
0.54 0.66 3.17156475258
0.56 0.66 3.16737421544
0.58 0.66 3.1467527839
0.6 0.66 3.09769392202
0.62 0.66 2.99505019267
0.64 0.66 2.82963613384
0.66 0.66 2.60750051197
0.68 0.66 2.339290862
0.7 0.66 2.04644363795
0.72 0.66 1.77926693276
0.74 0.66 1.61828332764
0.76 0.66 1.64156871906
0.78 0.66 1.87419702708
0.8 0.66 2.25862726966
0.82 0.66 2.67368209399
0.84 0.66 2.9923515827
0.86 0.66 3.13901559227
0.88 0.66 3.11003511699
0.9 0.66 2.94983192734
0.92 0.66 2.70299922464
0.94 0.66 2.37805921117
0.96 0.66 1.95388448397
0.98 0.66 1.4278366715
1.0 0.66 0.860316564313

0.0 0.68 -1.99066982732
0.02 0.68 -2.50577156663
0.04 0.68 -3.00190159173
0.06 0.68 -3.35547227506
0.08 0.68 -3.4275229022
0.1 0.68 -3.14828843354
0.12 0.68 -2.5817540476
0.14 0.68 -1.91392581553
0.16 0.68 -1.35591401706
0.18 0.68 -1.02481507763
0.2 0.68 -0.89520535133
0.22 0.68 -0.857858735881
0.24 0.68 -0.82576164917
0.26 0.68 -0.789133711836
0.28 0.68 -0.780972230846
0.3 0.68 -0.80597011699
0.32 0.68 -0.812102289076
0.34 0.68 -0.727202366891
0.36 0.68 -0.513765406753
0.38 0.68 -0.186110436083
0.4 0.68 0.218123587125
0.42 0.68 0.673999128388
0.44 0.68 1.17405579221
0.46 0.68 1.70165160364
0.48 0.68 2.20969632043
0.5 0.68 2.63738670795
0.52 0.68 2.95206536322
0.54 0.68 3.16810674813
0.56 0.68 3.31902175122
0.58 0.68 3.41686755953
0.6 0.68 3.446947587
0.62 0.68 3.39618254888
0.64 0.68 3.27122373084
0.66 0.68 3.08415798041
0.68 0.68 2.8332035993
0.7 0.68 2.51423778661
0.72 0.68 2.15814390758
0.74 0.68 1.85004765342
0.76 0.68 1.69558854518
0.78 0.68 1.75137647377
0.8 0.68 1.97894220526
0.82 0.68 2.26542240848
0.84 0.68 2.49354620735
0.86 0.68 2.60199061184
0.88 0.68 2.59328877527
0.9 0.68 2.4949022143
0.92 0.68 2.31290573665
0.94 0.68 2.01834875645
0.96 0.68 1.58051368063
0.98 0.68 1.0220435624
1.0 0.68 0.44324997654

0.0 0.7 -1.6377573997
0.02 0.7 -2.07048149089
0.04 0.7 -2.57880323202
0.06 0.7 -3.01751265439
0.08 0.7 -3.208232435
0.1 0.7 -3.04258704898
0.12 0.7 -2.56207515261
0.14 0.7 -1.95408909481
0.16 0.7 -1.45038278059
0.18 0.7 -1.19034013577
0.2 0.7 -1.15189181571
0.22 0.7 -1.20261593345
0.24 0.7 -1.21896110796
0.26 0.7 -1.16688183969
0.28 0.7 -1.08646227366
0.3 0.7 -1.01854848012
0.32 0.7 -0.954011928247
0.34 0.7 -0.845486776093
0.36 0.7 -0.65422610194
0.38 0.7 -0.379428894668
0.4 0.7 -0.0460518262413
0.42 0.7 0.327902092791
0.44 0.7 0.745326330104
0.46 0.7 1.20986220378
0.48 0.7 1.69812239945
0.5 0.7 2.16197171108
0.52 0.7 2.56082764517
0.54 0.7 2.88338122922
0.56 0.7 3.13235449793
0.58 0.7 3.29826294577
0.6 0.7 3.36309951323
0.62 0.7 3.32884701501
0.64 0.7 3.22595580623
0.66 0.7 3.08224936465
0.68 0.7 2.888923429
0.7 0.7 2.6120329844
0.72 0.7 2.24783617884
0.74 0.7 1.86470017879
0.76 0.7 1.57799402796
0.78 0.7 1.47127282284
0.8 0.7 1.53686411762
0.82 0.7 1.69126416317
0.84 0.7 1.8439724774
0.86 0.7 1.95040774875
0.88 0.7 2.00689222621
0.9 0.7 2.0066710242
0.92 0.7 1.90766297308
0.94 0.7 1.64744803013
0.96 0.7 1.19942080357
0.98 0.7 0.624971543057
1.0 0.7 0.0693648493097

0.0 0.72 -1.3898887755
0.02 0.72 -1.74971709655
0.04 0.72 -2.26177753818
0.06 0.72 -2.76018373456
0.08 0.72 -3.03689136516
0.1 0.72 -2.95737461211
0.12 0.72 -2.54651785237
0.14 0.72 -1.98715271726
0.16 0.72 -1.51835684245
0.18 0.72 -1.29315467238
0.2 0.72 -1.29867049409
0.22 0.72 -1.39781484293
0.24 0.72 -1.44868972358
0.26 0.72 -1.39724053302
0.28 0.72 -1.27813235324
0.3 0.72 -1.14878744565
0.32 0.72 -1.02976859743
0.34 0.72 -0.897979379165
0.36 0.72 -0.721159443241
0.38 0.72 -0.490368102876
0.4 0.72 -0.220034733839
0.42 0.72 0.077217524385
0.44 0.72 0.407466997352
0.46 0.72 0.782680400058
0.48 0.72 1.19537296722
0.5 0.72 1.61468283022
0.52 0.72 2.00768648713
0.54 0.72 2.35380904136
0.56 0.72 2.63274461437
0.58 0.72 2.81125954413
0.6 0.72 2.86209219498
0.62 0.72 2.80037390765
0.64 0.72 2.68633389664
0.66 0.72 2.57530609837
0.68 0.72 2.46219991893
0.7 0.72 2.28507407715
0.72 0.72 1.99448562424
0.74 0.72 1.62166408488
0.76 0.72 1.27245734713
0.78 0.72 1.0498643673
0.8 0.72 0.983843741386
0.82 0.72 1.03374432212
0.84 0.72 1.14447935074
0.86 0.72 1.28591575555
0.88 0.72 1.43831439511
0.9 0.72 1.55254580588
0.92 0.72 1.53934384972
0.94 0.72 1.31284956037
0.96 0.72 0.86250857684
0.98 0.72 0.294085983037
1.0 0.72 -0.205920370577

0.0 0.74 -1.23005434938
0.02 0.74 -1.53259718889
0.04 0.74 -2.02999204065
0.06 0.74 -2.54229163927
0.08 0.74 -2.85070894958
0.1 0.74 -2.81539877155
0.12 0.74 -2.45486379923
0.14 0.74 -1.94016486153
0.16 0.74 -1.4982092002
0.18 0.74 -1.27943191212
0.2 0.74 -1.28172953542
0.22 0.74 -1.38354022957
0.24 0.74 -1.44885153986
0.26 0.74 -1.41380558716
0.28 0.74 -1.29679121328
0.3 0.74 -1.14822038335
0.32 0.74 -0.997667968381
0.34 0.74 -0.839303083551
0.36 0.74 -0.653586519986
0.38 0.74 -0.434888431029
0.4 0.74 -0.197264948674
0.42 0.74 0.0430848694354
0.44 0.74 0.284925417275
0.46 0.74 0.538330453046
0.48 0.74 0.808827843191
0.5 0.74 1.0923863547
0.52 0.74 1.38266524019
0.54 0.74 1.66865815936
0.56 0.74 1.91723526255
0.58 0.74 2.07051820211
0.6 0.74 2.08349524221
0.62 0.74 1.97494486758
0.64 0.74 1.83092102555
0.66 0.74 1.73920375566
0.68 0.74 1.70975835187
0.7 0.74 1.66254444541
0.72 0.74 1.50253170924
0.74 0.74 1.21210153504
0.76 0.74 0.870916678504
0.78 0.74 0.590198747951
0.8 0.74 0.436359948193
0.82 0.74 0.415710820431
0.84 0.74 0.509982048534
0.86 0.74 0.699805514547
0.88 0.74 0.946046665013
0.9 0.74 1.16137126193
0.92 0.74 1.22194189482
0.94 0.74 1.03193348125
0.96 0.74 0.600970504205
0.98 0.74 0.0701745946844
1.0 0.74 -0.348830374094

0.0 0.76 -1.07646513256
0.02 0.76 -1.34598904657
0.04 0.76 -1.81740455168
0.06 0.76 -2.3043249819
0.08 0.76 -2.59616729715
0.1 0.76 -2.56826210116
0.12 0.76 -2.24399896078
0.14 0.76 -1.77801261151
0.16 0.76 -1.36742363532
0.18 0.76 -1.14264469336
0.2 0.76 -1.10955103071
0.22 0.76 -1.17737198641
0.24 0.76 -1.2379405733
0.26 0.76 -1.22944679766
0.28 0.76 -1.14706018352
0.3 0.76 -1.01360565136
0.32 0.76 -0.847101591777
0.34 0.76 -0.650053109375
0.36 0.76 -0.420714401886
0.38 0.76 -0.169780460145
0.4 0.76 0.0755253497679
0.42 0.76 0.284428227885
0.44 0.76 0.439624272272
0.46 0.76 0.543665561329
0.48 0.76 0.615755734647
0.5 0.76 0.687717377271
0.52 0.76 0.795298702188
0.54 0.76 0.954056193773
0.56 0.76 1.13086953489
0.58 0.76 1.24725167952
0.6 0.76 1.23353279987
0.62 0.76 1.09683355617
0.64 0.76 0.933309698376
0.66 0.76 0.856697193134
0.68 0.76 0.899230386667
0.7 0.76 0.978656719112
0.72 0.76 0.967432696851
0.74 0.76 0.800205814593
0.76 0.76 0.51989688531
0.78 0.76 0.231864872429
0.8 0.76 0.0287950536502
0.82 0.76 -0.0415532236014
0.84 0.76 0.0356270588038
0.86 0.76 0.250177847528
0.88 0.76 0.549270197498
0.9 0.76 0.823652551254
0.92 0.76 0.936340511541
0.94 0.76 0.79475802536
0.96 0.76 0.422486102138
0.98 0.76 -0.0280470135704
1.0 0.76 -0.347200951102

0.0 0.78 -0.877998151726
0.02 0.78 -1.13893071318
0.04 0.78 -1.58096430698
0.06 0.78 -2.01818616297
0.08 0.78 -2.26222283941
0.1 0.78 -2.21831910794
0.12 0.78 -1.92388079363
0.14 0.78 -1.51576763912
0.16 0.78 -1.14983514651
0.18 0.78 -0.922569250259
0.2 0.78 -0.841981180602
0.22 0.78 -0.854840668498
0.24 0.78 -0.89453273213
0.26 0.78 -0.910955840538
0.28 0.78 -0.874312633952
0.3 0.78 -0.768261469415
0.32 0.78 -0.586435755467
0.34 0.78 -0.334369366921
0.36 0.78 -0.032876238527
0.38 0.78 0.280850177425
0.4 0.78 0.557714429623
0.42 0.78 0.748371498792
0.44 0.78 0.818705212295
0.46 0.78 0.763494289304
0.48 0.78 0.615059120219
0.5 0.78 0.441931638118
0.52 0.78 0.326959977962
0.54 0.78 0.32271941316
0.56 0.78 0.4093753748
0.58 0.78 0.497098776901
0.6 0.78 0.489489686468
0.62 0.78 0.36680445295
0.64 0.78 0.214017511184
0.66 0.78 0.156090643768
0.68 0.78 0.249029324024
0.7 0.78 0.425455900255
0.72 0.78 0.546917584263
0.74 0.78 0.512857254021
0.76 0.78 0.326407103916
0.78 0.78 0.072179060102
0.8 0.78 -0.148872367359
0.82 0.78 -0.261910830257
0.84 0.78 -0.226478831685
0.86 0.78 -0.0413489932373
0.88 0.78 0.241104249308
0.9 0.78 0.513779871587
0.92 0.78 0.650664632129
0.94 0.78 0.572356770506
0.96 0.78 0.303520377456
0.98 0.78 -0.0221920021002
1.0 0.78 -0.226694483387

0.0 0.8 -0.670299769374
0.02 0.8 -0.931277204462
0.04 0.8 -1.33398914464
0.06 0.8 -1.70182266214
0.08 0.8 -1.87888030099
0.1 0.8 -1.80833934396
0.12 0.8 -1.54547466293
0.14 0.8 -1.20797090462
0.16 0.8 -0.90411010618
0.18 0.8 -0.688008712557
0.2 0.8 -0.563449647862
0.22 0.8 -0.513505476275
0.24 0.8 -0.516998845693
0.26 0.8 -0.541591322305
0.28 0.8 -0.536877929955
0.3 0.8 -0.448121567096
0.32 0.8 -0.243385685139
0.34 0.8 0.0685135214189
0.36 0.8 0.441309434692
0.38 0.8 0.80876854793
0.4 0.8 1.1021949764
0.42 0.8 1.26173442612
0.44 0.8 1.24583342737
0.46 0.8 1.04536439091
0.48 0.8 0.700586404035
0.5 0.8 0.305700723835
0.52 0.8 -0.018133907742
0.54 0.8 -0.180975043139
0.56 0.8 -0.179923364297
0.58 0.8 -0.104952573443
0.6 0.8 -0.0756016352053
0.62 0.8 -0.147064299764
0.64 0.8 -0.262532572379
0.66 0.8 -0.300860333901
0.68 0.8 -0.184759843076
0.7 0.8 0.0468471117203
0.72 0.8 0.267345327767
0.74 0.8 0.359509011418
0.76 0.8 0.290075649089
0.78 0.8 0.109609468184
0.8 0.8 -0.09508277868
0.82 0.8 -0.242663592057
0.84 0.8 -0.277014639918
0.86 0.8 -0.180932346059
0.88 0.8 0.0113416728978
0.9 0.8 0.218726467533
0.92 0.8 0.345875654823
0.94 0.8 0.332609438597
0.96 0.8 0.193775127029
0.98 0.8 0.0222603915901
1.0 0.8 -0.0560381697312

0.0 0.82 -0.543716903223
0.02 0.82 -0.791049476665
0.04 0.82 -1.13039878111
0.06 0.82 -1.40686408374
0.08 0.82 -1.50531731225
0.1 0.82 -1.40843459256
0.12 0.82 -1.18592089254
0.14 0.82 -0.931836086124
0.16 0.82 -0.704216439236
0.18 0.82 -0.513043798848
0.2 0.82 -0.35399276562
0.22 0.82 -0.240042674524
0.24 0.82 -0.191014875726
0.26 0.82 -0.195165098163
0.28 0.82 -0.191854500327
0.3 0.82 -0.100541529777
0.32 0.82 0.127475402911
0.34 0.82 0.477514233403
0.36 0.82 0.880791234867
0.38 0.82 1.24961372994
0.4 0.82 1.50797052479
0.42 0.82 1.6013357332
0.44 0.82 1.49518308114
0.46 0.82 1.18202684074
0.48 0.82 0.701996908872
0.5 0.82 0.15647010412
0.52 0.82 -0.314066102664
0.54 0.82 -0.592314338039
0.56 0.82 -0.651286027186
0.58 0.82 -0.573199178128
0.6 0.82 -0.493577611722
0.62 0.82 -0.501890770379
0.64 0.82 -0.575244484847
0.66 0.82 -0.604869667078
0.68 0.82 -0.495848942419
0.7 0.82 -0.251051564883
0.72 0.82 0.0326064931219
0.74 0.82 0.239873726738
0.76 0.82 0.308543582613
0.78 0.82 0.245676886176
0.8 0.82 0.10237015186
0.82 0.82 -0.0553229327158
0.84 0.82 -0.166582289703
0.86 0.82 -0.194622479161
0.88 0.82 -0.141934803189
0.9 0.82 -0.0484260105275
0.92 0.82 0.0314603314428
0.94 0.82 0.060501095729
0.96 0.82 0.0426025346064
0.98 0.82 0.0259364659857
1.0 0.82 0.0791500902612

0.0 0.84 -0.557936015302
0.02 0.84 -0.769335867065
0.04 0.84 -1.02214806552
0.06 0.84 -1.19485654395
0.08 0.84 -1.21662473243
0.1 0.84 -1.10395499183
0.12 0.84 -0.931258310173
0.14 0.84 -0.763514870808
0.16 0.84 -0.611728214121
0.18 0.84 -0.448796374318
0.2 0.84 -0.263150851945
0.22 0.84 -0.088506924778
0.24 0.84 0.0254104784447
0.26 0.84 0.0703697887566
0.28 0.84 0.103410110923
0.3 0.84 0.210854612775
0.32 0.84 0.444683029476
0.34 0.84 0.784451028182
0.36 0.84 1.15044225089
0.38 0.84 1.44953129285
0.4 0.84 1.61348873478
0.42 0.84 1.60599391492
0.44 0.84 1.40975684251
0.46 0.84 1.02329475728
0.48 0.84 0.480905575816
0.5 0.84 -0.124617000354
0.52 0.84 -0.65331510756
0.54 0.84 -0.976856523086
0.56 0.84 -1.05253912312
0.58 0.84 -0.954763614157
0.6 0.84 -0.828415598899
0.62 0.84 -0.788086876002
0.64 0.84 -0.838635612673
0.66 0.84 -0.883581533198
0.68 0.84 -0.81314754839
0.7 0.84 -0.592401024405
0.72 0.84 -0.278202683337
0.74 0.84 0.0308285060331
0.76 0.84 0.252597190769
0.78 0.84 0.346834371677
0.8 0.84 0.313794605081
0.82 0.84 0.187000767061
0.84 0.84 0.0219076293502
0.86 0.84 -0.125674275386
0.88 0.84 -0.222555277008
0.9 0.84 -0.265114668938
0.92 0.84 -0.266645203681
0.94 0.84 -0.238331763853
0.96 0.84 -0.17757866268
0.98 0.84 -0.0679697220159
1.0 0.84 0.110261730656

0.0 0.86 -0.681958715013
0.02 0.86 -0.850935099343
0.04 0.86 -1.02092037269
0.06 0.86 -1.10667540113
0.08 0.86 -1.07550514315
0.1 0.86 -0.964927940128
0.12 0.86 -0.842647708334
0.14 0.86 -0.744133096407
0.16 0.86 -0.64638846134
0.18 0.86 -0.501952840286
0.2 0.86 -0.29743935388
0.22 0.86 -0.0761134259293
0.24 0.86 0.0992317430824
0.26 0.86 0.205885150521
0.28 0.86 0.284826753279
0.3 0.86 0.407223759326
0.32 0.86 0.615408899394
0.34 0.86 0.887843049183
0.36 0.86 1.15208575985
0.38 0.86 1.32868068051
0.4 0.86 1.36738715328
0.42 0.86 1.25150154688
0.44 0.86 0.980031571005
0.46 0.86 0.558249094233
0.48 0.86 0.0149324546517
0.5 0.86 -0.570339323146
0.52 0.86 -1.06949605859
0.54 0.86 -1.35911255031
0.56 0.86 -1.39639477789
0.58 0.86 -1.25691876945
0.6 0.86 -1.09263919562
0.62 0.86 -1.03127037881
0.64 0.86 -1.09198710968
0.66 0.86 -1.18398183041
0.68 0.86 -1.18356974645
0.7 0.86 -1.02004746194
0.72 0.86 -0.70694203451
0.74 0.86 -0.31753183617
0.76 0.86 0.0546760201524
0.78 0.86 0.324336384825
0.8 0.86 0.435550839362
0.82 0.86 0.38026516325
0.84 0.86 0.200679216978
0.86 0.86 -0.0337443836703
0.88 0.86 -0.259472685099
0.9 0.86 -0.436459977598
0.92 0.86 -0.542552827601
0.94 0.86 -0.560607537193
0.96 0.86 -0.475989414629
0.98 0.86 -0.285194793189
1.0 0.86 -0.0037306376414

0.0 0.88 -0.806386863107
0.02 0.88 -0.956486755182
0.04 0.88 -1.08509794348
0.06 0.88 -1.13317628893
0.08 0.88 -1.09021131066
0.1 0.88 -0.999043517702
0.12 0.88 -0.91392614605
0.14 0.88 -0.849784117255
0.16 0.88 -0.771952396204
0.18 0.88 -0.634728987914
0.2 0.88 -0.429218926187
0.22 0.88 -0.195009275103
0.24 0.88 0.012606617372
0.26 0.88 0.167046041535
0.28 0.88 0.286630798799
0.3 0.88 0.411704013744
0.32 0.88 0.565665148058
0.34 0.88 0.732285158163
0.36 0.88 0.864058076177
0.38 0.88 0.910304704334
0.4 0.88 0.840606613755
0.42 0.88 0.647770472448
0.44 0.88 0.33569967785
0.46 0.88 -0.0868663924781
0.48 0.88 -0.59114607608
0.5 0.88 -1.10339635147
0.52 0.88 -1.5066548321
0.54 0.88 -1.69226722828
0.56 0.88 -1.63441350073
0.58 0.88 -1.42450359229
0.6 0.88 -1.22469286347
0.62 0.88 -1.1665100568
0.64 0.88 -1.26978019319
0.66 0.88 -1.44067821792
0.68 0.88 -1.54066805998
0.7 0.88 -1.46612514924
0.72 0.88 -1.18857245911
0.74 0.88 -0.753182735463
0.76 0.88 -0.258662512364
0.78 0.88 0.171421595584
0.8 0.88 0.429095373647
0.82 0.88 0.46392213688
0.84 0.88 0.299550202359
0.86 0.88 0.01123434268
0.88 0.88 -0.315901894867
0.9 0.88 -0.613862707784
0.92 0.88 -0.831180413571
0.94 0.88 -0.922931583794
0.96 0.88 -0.85556921656
0.98 0.88 -0.626677628377
1.0 0.88 -0.276065492965

0.0 0.9 -0.812318181903
0.02 0.9 -0.989991194635
0.04 0.9 -1.13993603998
0.06 0.9 -1.21033361839
0.08 0.9 -1.19411602362
0.1 0.9 -1.12850946114
0.12 0.9 -1.05694814652
0.14 0.9 -0.99093967449
0.16 0.9 -0.908559308057
0.18 0.9 -0.784183761183
0.2 0.9 -0.615059713467
0.22 0.9 -0.422595506365
0.24 0.9 -0.234831443628
0.26 0.9 -0.0695502208187
0.28 0.9 0.0696182575497
0.3 0.9 0.18567008911
0.32 0.9 0.278600686951
0.34 0.9 0.34085298755
0.36 0.9 0.35838412519
0.38 0.9 0.314209186171
0.4 0.9 0.192205822903
0.42 0.9 -0.0196806502972
0.44 0.9 -0.326834794829
0.46 0.9 -0.72178051133
0.48 0.9 -1.16846751459
0.5 0.9 -1.58565971184
0.52 0.9 -1.85831670479
0.54 0.9 -1.89471715001
0.56 0.9 -1.69823572472
0.58 0.9 -1.38959445525
0.6 0.9 -1.14700970447
0.62 0.9 -1.10231016211
0.64 0.9 -1.26833054966
0.66 0.9 -1.5424835953
0.68 0.9 -1.76975378666
0.7 0.9 -1.81518472384
0.72 0.9 -1.61115276875
0.74 0.9 -1.17597132955
0.76 0.9 -0.60993470255
0.78 0.9 -0.0658102516758
0.8 0.9 0.306466207872
0.82 0.9 0.419076259314
0.84 0.9 0.274583670473
0.86 0.9 -0.0527419012774
0.88 0.9 -0.462274379414
0.9 0.9 -0.861956337407
0.92 0.9 -1.17495341974
0.94 0.9 -1.33442202771
0.96 0.9 -1.29373929978
0.98 0.9 -1.0530312608
1.0 0.9 -0.67098627352

0.0 0.92 -0.645786172265
0.02 0.92 -0.898597096623
0.04 0.92 -1.12273990449
0.06 0.92 -1.25521586607
0.08 0.92 -1.27979638997
0.1 0.92 -1.22737475247
0.12 0.92 -1.14253106624
0.14 0.92 -1.05285017977
0.16 0.92 -0.966511722967
0.18 0.92 -0.884431153362
0.2 0.92 -0.803776002115
0.22 0.92 -0.714433078936
0.24 0.92 -0.603813822408
0.26 0.92 -0.471089362713
0.28 0.92 -0.335743904243
0.3 0.92 -0.229047165229
0.32 0.92 -0.174124262013
0.34 0.92 -0.172395502794
0.36 0.92 -0.209666749359
0.38 0.92 -0.276817043169
0.4 0.92 -0.385040838145
0.42 0.92 -0.561100966026
0.44 0.92 -0.827355112796
0.46 0.92 -1.17952223521
0.48 0.92 -1.56851669079
0.5 0.92 -1.89480138908
0.52 0.92 -2.03594455291
0.54 0.92 -1.91456795828
0.56 0.92 -1.56685902915
0.58 0.92 -1.14787402798
0.6 0.92 -0.854659065568
0.62 0.92 -0.820146288492
0.64 0.92 -1.0508862946
0.66 0.92 -1.43654853254
0.68 0.92 -1.80649139702
0.7 0.92 -1.99584662777
0.72 0.92 -1.90078149333
0.74 0.92 -1.51526490874
0.76 0.92 -0.938722325052
0.78 0.92 -0.343577821596
0.8 0.92 0.0908401540442
0.82 0.92 0.247736103206
0.84 0.92 0.109568126704
0.86 0.92 -0.25338393585
0.88 0.92 -0.726697456848
0.9 0.92 -1.19441741539
0.92 0.92 -1.55845957768
0.94 0.92 -1.74252705826
0.96 0.92 -1.70409649604
0.98 0.92 -1.45733874623
1.0 0.92 -1.07759971138

0.0 0.94 -0.352720397756
0.02 0.94 -0.708587522198
0.04 0.94 -1.0270418709
0.06 0.94 -1.22416750745
0.08 0.94 -1.2718678941
0.1 0.94 -1.20259840628
0.12 0.94 -1.07797494997
0.14 0.94 -0.957195541429
0.16 0.94 -0.884599517004
0.18 0.94 -0.881650378571
0.2 0.94 -0.933785102557
0.22 0.94 -0.990656597275
0.24 0.94 -0.995330981978
0.26 0.94 -0.924667199412
0.28 0.94 -0.806027617597
0.3 0.94 -0.695302673738
0.32 0.94 -0.635043257752
0.34 0.94 -0.628064766042
0.36 0.94 -0.648214725287
0.38 0.94 -0.67656321207
0.4 0.94 -0.727931944013
0.42 0.94 -0.8437416429
0.44 0.94 -1.05945207061
0.46 0.94 -1.3706971187
0.48 0.94 -1.71348409967
0.5 0.94 -1.96867422384
0.52 0.94 -2.0052872717
0.54 0.94 -1.75827075118
0.56 0.94 -1.29172801581
0.58 0.94 -0.787179858295
0.6 0.94 -0.453672239983
0.62 0.94 -0.424382340413
0.64 0.94 -0.70536233592
0.66 0.94 -1.18703617123
0.68 0.94 -1.69047546288
0.7 0.94 -2.02649217566
0.72 0.94 -2.05969034499
0.74 0.94 -1.76211141594
0.76 0.94 -1.2293427074
0.78 0.94 -0.643904045341
0.8 0.94 -0.201568811589
0.82 0.94 -0.0371821460368
0.84 0.94 -0.182551244732
0.86 0.94 -0.569470412051
0.88 0.94 -1.06933375908
0.9 0.94 -1.54437510796
0.92 0.94 -1.88439805039
0.94 0.94 -2.02215387436
0.96 0.94 -1.94104304971
0.98 0.94 -1.68230211159
1.0 0.94 -1.33441293739

0.0 0.96 -0.0575266833386
0.02 0.96 -0.516402587625
0.04 0.96 -0.914322925189
0.06 0.96 -1.14759743808
0.08 0.96 -1.18027682469
0.1 0.96 -1.05541315775
0.12 0.96 -0.863725042796
0.14 0.96 -0.704028390657
0.16 0.96 -0.654279967258
0.18 0.96 -0.74519720836
0.2 0.96 -0.940211400289
0.22 0.96 -1.14733535696
0.24 0.96 -1.27032799079
0.26 0.96 -1.26570383062
0.28 0.96 -1.16184544516
0.3 0.96 -1.0280586352
0.32 0.96 -0.921523277643
0.34 0.96 -0.85518936929
0.36 0.96 -0.809636633147
0.38 0.96 -0.772527149288
0.4 0.96 -0.765593249727
0.42 0.96 -0.834804115415
0.44 0.96 -1.01487458631
0.46 0.96 -1.29443080653
0.48 0.96 -1.59859018935
0.5 0.96 -1.80015709899
0.52 0.96 -1.77104868601
0.54 0.96 -1.46153869375
0.56 0.96 -0.953444138897
0.58 0.96 -0.434566376105
0.6 0.96 -0.10623866423
0.62 0.96 -0.0927894636405
0.64 0.96 -0.403912961827
0.66 0.96 -0.943527306669
0.68 0.96 -1.5394919487
0.7 0.96 -1.99161211517
0.72 0.96 -2.14220353384
0.74 0.96 -1.94494455688
0.76 0.96 -1.48865431634
0.78 0.96 -0.95728937996
0.8 0.96 -0.55068748728
0.82 0.96 -0.408270208856
0.84 0.96 -0.564533603295
0.86 0.96 -0.946587440896
0.88 0.96 -1.41178257904
0.9 0.96 -1.80874581623
0.92 0.96 -2.03161563358
0.94 0.96 -2.04413026859
0.96 0.96 -1.87530578412
0.98 0.96 -1.60124698465
1.0 0.96 -1.31610153367

0.0 0.98 0.101256360622
0.02 0.98 -0.437000333474
0.04 0.98 -0.878216911284
0.06 0.98 -1.10761597519
0.08 0.98 -1.08628136353
0.1 0.98 -0.870910196117
0.12 0.98 -0.58419572442
0.14 0.98 -0.36482161514
0.16 0.98 -0.319097990777
0.18 0.98 -0.479175253427
0.2 0.98 -0.783751379139
0.22 0.98 -1.10535799891
0.24 0.98 -1.31833356812
0.26 0.98 -1.36339490408
0.28 0.98 -1.26532009742
0.3 0.98 -1.09792268695
0.32 0.98 -0.928782034433
0.34 0.98 -0.78666855598
0.36 0.98 -0.671147961941
0.38 0.98 -0.585212526153
0.4 0.98 -0.553858511271
0.42 0.98 -0.611915817229
0.44 0.98 -0.775876956089
0.46 0.98 -1.02075817656
0.48 0.98 -1.27104129816
0.5 0.98 -1.41404118854
0.52 0.98 -1.3470985504
0.54 0.98 -1.04489244864
0.56 0.98 -0.595837218828
0.58 0.98 -0.167245158882
0.6 0.98 0.0764722575847
0.62 0.98 0.0383722647253
0.64 0.98 -0.292545602106
0.66 0.98 -0.84496847689
0.68 0.98 -1.47193902041
0.7 0.98 -1.98109388259
0.72 0.98 -2.20663723853
0.74 0.98 -2.09091518054
0.76 0.98 -1.71611537409
0.78 0.98 -1.26211784129
0.8 0.98 -0.922083462634
0.82 0.98 -0.824685696201
0.84 0.98 -0.990950423222
0.86 0.98 -1.33309699115
0.88 0.98 -1.69573209093
0.9 0.98 -1.92706622938
0.92 0.98 -1.94610979989
0.94 0.98 -1.76847591217
0.96 0.98 -1.48260627447
0.98 0.98 -1.20097342147
1.0 0.98 -1.0133763258

0.0 1.0 0.0442215648243
0.02 1.0 -0.53476721277
0.04 1.0 -0.977295903061
0.06 1.0 -1.16861972165
0.08 1.0 -1.06927980952
0.1 1.0 -0.744883896513
0.12 1.0 -0.343171683269
0.14 1.0 -0.0363921340628
0.16 1.0 0.0455089787708
0.18 1.0 -0.130360398614
0.2 1.0 -0.484208522262
0.22 1.0 -0.864980632144
0.24 1.0 -1.12884513643
0.26 1.0 -1.20516760587
0.28 1.0 -1.11193641658
0.3 1.0 -0.921015958192
0.32 1.0 -0.70598541266
0.34 1.0 -0.511413397674
0.36 1.0 -0.358204953451
0.38 1.0 -0.264400279051
0.4 1.0 -0.250857434909
0.42 1.0 -0.327092595182
0.44 1.0 -0.477490753522
0.46 1.0 -0.660184960487
0.48 1.0 -0.812468897847
0.5 1.0 -0.862400472901
0.52 1.0 -0.758874188256
0.54 1.0 -0.512876023305
0.56 1.0 -0.210559443349
0.58 1.0 0.0261740371463
0.6 1.0 0.0986919508198
0.62 1.0 -0.0415194109783
0.64 1.0 -0.39924141412
0.66 1.0 -0.933165822308
0.68 1.0 -1.53508879433
0.7 1.0 -2.0370307713
0.72 1.0 -2.28005066443
0.74 1.0 -2.20585472327
0.76 1.0 -1.89551438683
0.78 1.0 -1.52449232894
0.8 1.0 -1.27170429623
0.82 1.0 -1.24039346254
0.84 1.0 -1.42111902321
0.86 1.0 -1.70044513329
0.88 1.0 -1.91199813785
0.9 1.0 -1.91689406306
0.92 1.0 -1.67682410659
0.94 1.0 -1.27373465452
0.96 1.0 -0.861980281935
0.98 1.0 -0.588238995205
1.0 1.0 -0.529606800291

